|    |   C |   V |   W |   P |   H |   R |   A |   Q |   I |   N |   K |   Y |   T |   D |   G |   F |   S |   L |   E |   M |
|:---|----:|----:|----:|----:|----:|----:|----:|----:|----:|----:|----:|----:|----:|----:|----:|----:|----:|----:|----:|----:|
| C  | -39 | -48 | -50 | -48 |   0 | -47 |   0 | -46 | -48 | -50 | -50 | -47 | -47 | -50 | -48 | -46 | -48 | -48 | -49 | -46 |
| V  |   0 | -41 | -48 |   0 |   0 |   0 |   0 |   0 |   0 |   0 |   0 | -51 |   0 |   0 |   0 |   0 |   0 |   0 |   0 |   0 |
| W  |   0 |   0 | -38 |   0 |   0 |   0 |   0 |   0 |   0 |   0 |   0 | -55 |   0 |   0 |   0 |   0 |   0 |   0 |   0 |   0 |
| P  |   0 | -52 | -52 | -40 |   0 | -52 |   0 | -51 |   0 |   0 |   0 | -50 | -49 |   0 |   0 |   0 | -47 |   0 |   0 |   0 |
| H  |   0 | -50 | -52 | -49 | -39 | -46 |   0 | -44 | -46 | -48 | -51 | -46 | -50 |   0 |   0 |   0 | -48 | -49 |   0 | -47 |
| R  |   0 | -50 | -51 |   0 |   0 | -40 |   0 |   0 |   0 |   0 |   0 | -48 | -48 |   0 |   0 |   0 | -50 |   0 |   0 |   0 |
| A  | -49 | -47 | -54 | -47 | -48 | -49 | -41 | -48 | -49 | -49 | -47 | -53 | -47 | -48 | -49 | -50 | -46 | -49 | -48 | -48 |
| Q  |   0 | -51 | -52 |   0 |   0 | -48 |   0 | -39 |   0 |   0 |   0 | -52 | -51 |   0 |   0 |   0 | -50 |   0 |   0 |   0 |
| I  |   0 | -45 | -52 | -50 |   0 | -50 |   0 | -47 | -41 | -48 | -51 | -49 | -48 |   0 |   0 |   0 | -49 | -46 |   0 | -47 |
| N  |   0 | -48 | -53 | -50 |   0 | -48 |   0 | -48 |   0 | -39 |   0 | -50 | -47 |   0 |   0 |   0 | -47 |   0 |   0 |   0 |
| K  |   0 | -49 | -49 | -51 |   0 | -45 |   0 | -46 |   0 | -49 | -41 | -53 | -48 |   0 |   0 |   0 | -48 | -54 |   0 | -52 |
| Y  |   0 |   0 |   0 |   0 |   0 |   0 |   0 |   0 |   0 |   0 |   0 | -38 |   0 |   0 |   0 |   0 |   0 |   0 |   0 |   0 |
| T  |   0 | -49 | -51 |   0 |   0 |   0 |   0 |   0 |   0 |   0 |   0 | -49 | -41 |   0 |   0 |   0 |   0 |   0 |   0 |   0 |
| D  |   0 | -49 | -55 | -52 | -50 | -51 |   0 | -53 | -49 | -46 | -50 | -51 | -52 | -41 | -49 | -50 | -50 | -50 | -45 | -52 |
| G  |   0 | -49 | -46 | -51 | -50 | -47 |   0 | -51 | -51 | -49 | -50 | -51 | -49 |   0 | -40 |   0 | -46 | -49 |   0 | -50 |
| F  |   0 | -50 | -47 | -52 | -51 | -49 |   0 | -50 | -48 | -51 | -57 | -44 | -50 |   0 | -53 | -40 | -52 | -46 |   0 | -47 |
| S  |   0 | -50 | -54 |   0 |   0 |   0 |   0 |   0 |   0 |   0 |   0 | -50 | -46 |   0 |   0 |   0 | -42 |   0 |   0 |   0 |
| L  |   0 | -46 | -49 | -50 |   0 | -49 |   0 | -49 |   0 | -54 |   0 | -50 | -51 |   0 |   0 |   0 | -50 | -41 |   0 | -46 |
| E  |   0 | -50 | -50 | -48 | -52 | -50 |   0 | -48 | -50 | -47 | -48 | -50 | -50 |   0 | -49 | -53 | -49 | -50 | -42 | -47 |
| M  |   0 | -47 | -53 | -51 |   0 | -49 |   0 | -51 |   0 | -51 |   0 | -53 | -47 |   0 |   0 |   0 | -49 |   0 |   0 | -38 |
