|    |   R |   Q |   D |   L |   H |   M |   G |   E |   T |   A |   P |   S |   W |   Y |   V |   F |   C |   K |   N |   I |
|:---|----:|----:|----:|----:|----:|----:|----:|----:|----:|----:|----:|----:|----:|----:|----:|----:|----:|----:|----:|----:|
| R  |   8 |   0 |   0 |   0 |   0 |   0 |   0 |   0 |  -5 |   0 |   0 |  -7 |  -6 |  -6 |  -6 |   0 |   0 |   0 |   0 |   0 |
| Q  |  -5 |   9 |   0 |   0 |   0 |   0 |   0 |   0 |  -9 |   0 |   0 |  -6 |   0 |  -7 |   0 |   0 |   0 |   0 |   0 |   0 |
| D  |  -9 |   0 |   8 |  -7 |  -6 |   0 |  -7 |  -3 |  -7 |   0 |  -9 |  -8 | -10 |  -6 |  -7 |  -6 |   0 |  -6 |  -3 |  -6 |
| L  |  -5 |  -6 |   0 |   7 |   0 |  -4 |   0 |   0 |  -8 |   0 |  -7 | -10 |   0 |   0 |  -3 |   0 |   0 |   0 | -11 |   0 |
| H  |  -3 |   0 |   0 |  -5 |  10 |  -2 |   0 |   0 |  -5 |   0 | -10 |  -5 |   0 |  -1 |  -7 |   0 |   0 | -10 |  -6 |  -4 |
| M  |  -6 |   0 |   0 |   0 |   0 |  12 |   0 |   0 |  -7 |   0 |  -8 |  -6 |  -6 |   0 |  -3 |   0 |   0 |   0 |   0 |   0 |
| G  |  -3 |   0 |   0 |  -7 |  -6 |  -8 |   8 |   0 |  -5 |   0 |  -7 |  -3 |  -3 | -10 |  -6 |   0 |   0 |  -6 |  -7 |  -9 |
| E  |  -7 |  -5 |   0 |  -8 |  -7 |  -4 |  -7 |   6 |  -8 |   0 |  -5 |  -8 |  -6 |  -8 |  -6 | -11 |   0 |  -4 |  -4 |  -7 |
| T  |   0 |   0 |   0 |   0 |   0 |   0 |   0 |   0 |   7 |   0 |   0 |   0 | -10 |  -7 |  -6 |   0 |   0 |   0 |   0 |   0 |
| A  |  -5 |  -6 |  -5 |  -4 |  -2 |  -5 |  -6 |  -5 |  -5 |   8 |  -5 |  -3 |  -8 | -10 |  -4 |  -9 |  -6 |  -5 |  -8 |  -5 |
| P  |  -8 |  -7 |   0 |   0 |   0 |   0 |   0 |   0 |  -6 |   0 |   8 |  -3 |  -8 |  -6 |  -7 |   0 |   0 |   0 |   0 |   0 |
| S  |   0 |   0 |   0 |   0 |   0 |   0 |   0 |   0 |  -4 |   0 |   0 |   7 |  -9 |  -6 |  -7 |   0 |   0 |   0 |   0 |   0 |
| W  |   0 |   0 |   0 |   0 |   0 |   0 |   0 |   0 |   0 |   0 |   0 |   0 |  10 |   0 |   0 |   0 |   0 |   0 |   0 |   0 |
| Y  |   0 |   0 |   0 |   0 |   0 |   0 |   0 |   0 |   0 |   0 |   0 |   0 |   0 |  10 |   0 |   0 |   0 |   0 |   0 |   0 |
| V  |   0 |   0 |   0 |   0 |   0 |   0 |   0 |   0 |   0 |   0 |   0 |   0 |  -5 |  -7 |   8 |   0 |   0 |   0 |   0 |   0 |
| F  | -11 |  -6 |   0 |  -3 |  -6 |  -5 |  -7 |   0 |  -7 |   0 | -10 |  -9 |  -4 |  -1 |  -7 |   8 |   0 |   0 |   0 |  -4 |
| C  |  -2 |  -2 |  -6 |  -3 |   0 |   0 |  -4 |  -5 |  -6 |   0 |  -5 |  -8 |  -7 |  -2 |  -5 |  -3 |  10 | -10 |   0 |  -6 |
| K  |  -2 |  -2 |   0 | -11 |   0 |  -9 |   0 |   0 |  -6 |   0 |  -8 |  -5 |  -8 |  -9 |  -5 |   0 |   0 |   7 |  -7 |   0 |
| N  |  -5 |  -4 |   0 |   0 |   0 |   0 |   0 |   0 |  -4 |   0 |  -6 |  -4 |  -8 |  -6 |  -6 |   0 |   0 |   0 |  10 |   0 |
| I  |  -5 |  -4 |   0 |  -4 |   0 |  -7 |   0 |   0 |  -4 |   0 |  -6 |  -6 |  -7 |  -4 |  -2 |   0 |   0 |  -7 |  -5 |   9 |
